root@OpenWrt:/tmp# ./run-ipq8065-sqrbug-driver.sh
Running ipq8065-sqrbug-driver until it fails or 1000 successful iterations
Test iteration 1
[17200.979557] ipq8065-sqrbug-driver init: Iterations=50000, Flags=0x00000000
[17201.000200] ipq8065-sqrbug-driver: Mismatch on Iteration 1193 - Index = 23, Byte Offset = 0x005c
[17201.000223] Expected Word = 0x00000000, Actual Word = 0x0000fffa, &a.dp=0xdbfadb50 
[17201.008156] Expected Result:
[17201.008160]   0000  00000000 00000000 00000000 00000000 - 00000000 00000000 00000000 00000000
[17201.018543]   0020  00000000 00000000 00000000 00000000 - 00000000 00000000 00000000 00000000
[17201.027042]   0040  00000000 00000000 00000000 00000000 - 00000000 00000000 00000000*00000000
[17201.035535]   0060  00000000 00000000 00000000 00000000 - 00000000 00000000 00000000 00000000
[17201.044055]   0080  00000000 00000000 00000000 00000000 - 00000000 00000000 00000000 00000000
[17201.052557]   00a0  00000000 00000000 00000000 00000000 - 00000000 00000000 00000000 00000000
[17201.060990]   00c0  00000000 00000000 00000000 00000000 - 00000000 00000000 00000000 00000000
[17201.069552]   00e0  00000000 00000000 00000000 00000000 - 00000000 00000000 00000000 00000000
[17201.078080]   0100  00000000 00000000 00000000 00000000 - 00000000 00000000 00000000 00000000
[17201.086577]   0120  00000000 00000000 00000000 00000000 - 00000000 00000000 00000000 00000000
[17201.095075]   0140  00000000 00000000 00000000 00000000 - 00000000 00000000 00000000 00000000
[17201.103603]   0160  00000000 00000000 00000000 00000000 - 00000000 00000000 00000000 00000000
[17201.112101]   0180  00000000 00000000 00000000 00000000 - 00000000 00000000 00000000 00000000
[17201.120539]   01a0  00000000 00000000 00000000 00000000 - 00000000 00000000 00000000 00000000
[17201.129095]   01c0  00000000 00000000 00000000 00000000 - 00000000 00000000 00000000 00000000
[17201.137624]   01e0  00000000 00000000 00000000 00000000 - 00000000 00000000 00000000 00000000
[17201.146121]   0200  00000000 00000000 00000000 00000000 - 00000000 00000000 00000000 00000000
[17201.154620]   0220  00000000 00000000 00000000 00000000 - 00000000 00000000 00000000 00000000
[17201.163147]   0240  00000000 00000000 00000000 00000000
[17201.171576] Actual Result:
[17201.171579]   0000  00000000 00000000 00000000 00000000 - 00000000 00000000 00000000 00000000
[17201.179394]   0020  00000000 00000000 00000000 00000000 - 00000000 00000000 00000000 00000000
[17201.188045]   0040  00000000 00000000 00000000 00000000 - 00000000 00000000 00000000*0000fffa
[17201.196543]   0060  00000000 00000000 00000000 00000000 - 00000000 00000000 00000000 00000000
[17201.205071]   0080  00000000 00000000 00000000 00000000 - 00000000 00000000 00000000 00000000
[17201.213568]   00a0  00000000 00000000 00000000 00000000 - 00000000 00000000 00000000 00000000
[17201.222065]   00c0  00000000 00000000 00000000 00000000 - 00000000 00000000 00000000 00000000
[17201.230523]   00e0  00000000 00000000 00000000 00000000 - 00000008 00000000 00000000 00000000
[17201.239091]   0100  00000000 00000000 00000000 00000000 - 00000000 00000000 00000000 00000000
[17201.247588]   0120  00000000 00000000 00000000 00000000 - 00000000 00000000 00000000 00000000
[17201.256117]   0140  00000000 00000000 00000000 00000000 - 00000000 00000000 00000000 00000000
[17201.264614]   0160  00000000 00000000 00000000 00000000 - 00000000 00000000 00000000 00000000
[17201.273112]   0180  00000000 00000000 00000000 00000000 - 00000000 00000000 00000000 00000000
[17201.281564]   01a0  00000000 00000000 00000000 00000000 - 00000000 00000000 00000000 00000000
[17201.290137]   01c0  00000000 00000000 00000000 00000000 - 00000000 00000000 00000000 00000000
[17201.298635]   01e0  00000000 00000000 00000000 00000000 - 00000000 00000000 00000000 00000000
[17201.307163]   0200  00000000 00000000 00000000 00000000 - 00000000 00000000 00000000 00000000
[17201.315660]   0220  00000000 00000000 00000000 00000000 - 00000000 00000000 00000000 00000000
[17201.324158]   0240  00000000 00000000 00000000 00000000


root@OpenWrt:/tmp# ./run-ipq8065-sqrbug-driver.sh
Running ipq8065-sqrbug-driver until it fails or 1000 successful iterations
Test iteration 1
[17291.054674] ipq8065-sqrbug-driver init: Iterations=50000, Flags=0x00000000
[17291.074968] ipq8065-sqrbug-driver: Mismatch on Iteration 1337 - Index = 20, Byte Offset = 0x0050
[17291.074992] Expected Word = 0x00000000, Actual Word = 0xc034a2d4, &a.dp=0xda219b50 
[17291.082911] Expected Result:
[17291.082916]   0000  00000000 00000000 00000000 00000000 - 00000000 00000000 00000000 00000000
[17291.093392]   0020  00000000 00000000 00000000 00000000 - 00000000 00000000 00000000 00000000
[17291.101732]   0040  00000000 00000000 00000000 00000000 -*00000000 00000000 00000000 00000000
[17291.110298]   0060  00000000 00000000 00000000 00000000 - 00000000 00000000 00000000 00000000
[17291.118821]   0080  00000000 00000000 00000000 00000000 - 00000000 00000000 00000000 00000000
[17291.127318]   00a0  00000000 00000000 00000000 00000000 - 00000000 00000000 00000000 00000000
[17291.135815]   00c0  00000000 00000000 00000000 00000000 - 00000000 00000000 00000000 00000000
[17291.144312]   00e0  00000000 00000000 00000000 00000000 - 00000000 00000000 00000000 00000000
[17291.152841]   0100  00000000 00000000 00000000 00000000 - 00000000 00000000 00000000 00000000
[17291.161281]   0120  00000000 00000000 00000000 00000000 - 00000000 00000000 00000000 00000000
[17291.169842]   0140  00000000 00000000 00000000 00000000 - 00000000 00000000 00000000 00000000
[17291.178364]   0160  00000000 00000000 00000000 00000000 - 00000000 00000000 00000000 00000000
[17291.186861]   0180  00000000 00000000 00000000 00000000 - 00000000 00000000 00000000 00000000
[17291.195359]   01a0  00000000 00000000 00000000 00000000 - 00000000 00000000 00000000 00000000
[17291.203887]   01c0  00000000 00000000 00000000 00000000 - 00000000 00000000 00000000 00000000
[17291.212384]   01e0  00000000 00000000 00000000 00000000 - 00000000 00000000 00000000 00000000
[17291.220829]   0200  00000000 00000000 00000000 00000000 - 00000000 00000000 00000000 00000000
[17291.229411]   0220  00000000 00000000 00000000 00000000 - 00000000 00000000 00000000 00000000
[17291.237908]   0240  00000000 00000000 00000000 00000000
[17291.246404] Actual Result:
[17291.246408]   0000  00000000 00000000 00000000 00000000 - 00000000 00000000 00000000 00000000
[17291.254215]   0020  00000000 00000000 00000000 00000000 - 00000000 00000000 00000000 00000000
[17291.262806]   0040  00000000 00000000 00000000 00000000 -*c034a2d4 00000400 00400000 00000000
[17291.271263]   0060  00000000 00000000 00000000 00000000 - 00000000 00000000 00000000 00000000
[17291.279839]   0080  00000000 00000000 00000000 00000000 - 00000000 00000000 00000000 00000000
[17291.288329]   00a0  00000000 00000000 00000000 00000000 - 00000000 00000000 00000000 00000000
[17291.296857]   00c0  00000000 00000000 00000000 00000000 - 00000000 00000000 00000000 00000000
[17291.305355]   00e0  00000000 00000000 00000000 00000000 - 00000008 00000000 00000000 00000000
[17291.313852]   0100  00000000 00000000 00000000 00000000 - 00000000 00000000 00000000 00000000
[17291.322380]   0120  00000000 00000000 00000000 00000000 - 00000000 00000000 00000000 00000000
[17291.330813]   0140  00000000 00000000 00000000 00000000 - 00000000 00000000 00000000 00000000
[17291.339375]   0160  00000000 00000000 00000000 00000000 - 00000000 00000000 00000000 00000000
[17291.347904]   0180  00000000 00000000 00000000 00000000 - 00000000 00000000 00000000 00000000
[17291.356401]   01a0  00000000 00000000 00000000 00000000 - 00000000 00000000 00000000 00000000
[17291.364898]   01c0  00000000 00000000 00000000 00000000 - 00000000 00000000 00000000 00000000
[17291.373395]   01e0  00000000 00000000 00000000 00000000 - 00000000 00000000 00000000 00000000
[17291.381854]   0200  00000000 00000000 00000000 00000000 - 00000000 00000000 00000000 00000000
[17291.390422]   0220  00000000 00000000 00000000 00000000 - 00000000 00000000 00000000 00000000
[17291.398919]   0240  00000000 00000000 00000000 00000000


root@OpenWrt:/tmp# ./run-ipq8065-sqrbug-driver.sh
Running ipq8065-sqrbug-driver until it fails or 1000 successful iterations
Test iteration 1
[17339.636089] ipq8065-sqrbug-driver init: Iterations=50000, Flags=0x00000000
[17339.659684] ipq8065-sqrbug-driver: Mismatch on Iteration 1457 - Index = 125, Byte Offset = 0x01f4
[17339.659708] Expected Word = 0x00000000, Actual Word = 0xc0a61020, &a.dp=0xdbfa3b50 
[17339.667612] Expected Result:
[17339.667615]   0000  00000000 00000000 00000000 00000000 - 00000000 00000000 00000000 00000000
[17339.678114]   0020  00000000 00000000 00000000 00000000 - 00000000 00000000 00000000 00000000
[17339.686591]   0040  00000000 00000000 00000000 00000000 - 00000000 00000000 00000000 00000000
[17339.695115]   0060  00000000 00000000 00000000 00000000 - 00000000 00000000 00000000 00000000
[17339.703612]   0080  00000000 00000000 00000000 00000000 - 00000000 00000000 00000000 00000000
[17339.712054]   00a0  00000000 00000000 00000000 00000000 - 00000000 00000000 00000000 00000000
[17339.720638]   00c0  00000000 00000000 00000000 00000000 - 00000000 00000000 00000000 00000000
[17339.729136]   00e0  00000000 00000000 00000000 00000000 - 00000000 00000000 00000000 00000000
[17339.737632]   0100  00000000 00000000 00000000 00000000 - 00000000 00000000 00000000 00000000
[17339.746161]   0120  00000000 00000000 00000000 00000000 - 00000000 00000000 00000000 00000000
[17339.754658]   0140  00000000 00000000 00000000 00000000 - 00000000 00000000 00000000 00000000
[17339.763156]   0160  00000000 00000000 00000000 00000000 - 00000000 00000000 00000000 00000000
[17339.771604]   0180  00000000 00000000 00000000 00000000 - 00000000 00000000 00000000 00000000
[17339.780181]   01a0  00000000 00000000 00000000 00000000 - 00000000 00000000 00000000 00000000
[17339.788679]   01c0  00000000 00000000 00000000 00000000 - 00000000 00000000 00000000 00000000
[17339.797176]   01e0  00000000 00000000 00000000 00000000 - 00000000*00000000 00000000 00000000
[17339.805705]   0200  00000000 00000000 00000000 00000000 - 00000000 00000000 00000000 00000000
[17339.814202]   0220  00000000 00000000 00000000 00000000 - 00000000 00000000 00000000 00000000
[17339.822699]   0240  00000000 00000000 00000000 00000000
[17339.831149] Actual Result:
[17339.831152]   0000  00000000 00000000 00000000 00000000 - 00000000 00000000 00000000 00000000
[17339.838965]   0020  00000000 00000000 00000000 00000000 - 00000000 00000000 00000000 00000000
[17339.847629]   0040  00000000 00000000 00000000 00000000 - 00000000 00000000 00000000 00000000
[17339.856126]   0060  00000000 00000000 00000000 00000000 - 00000000 00000000 00000000 00000000
[17339.864623]   0080  00000000 00000000 00000000 00000000 - 00000000 00000000 00000000 00000000
[17339.873152]   00a0  00000000 00000000 00000000 00000000 - 00000000 00000000 00000000 00000000
[17339.881586]   00c0  00000000 00000000 00000000 00000000 - 00000000 00000000 00000000 00000000
[17339.890149]   00e0  00000000 00000000 00000000 00000000 - 00000000 00000000 00000000 00000000
[17339.898675]   0100  00000000 00000000 00000000 00000000 - 00000000 00000000 00000000 00000000
[17339.907172]   0120  00000000 00000000 00000000 00000000 - 00000000 00000000 00000000 00000000
[17339.915669]   0140  00000000 00000000 00000000 00000000 - 00000000 00000000 00000000 00000000
[17339.924167]   0160  00000000 00000000 00000000 00000000 - 00000000 00000000 00000000 00000000
[17339.932695]   0180  00000000 00000000 00000000 00000000 - 00000000 00000000 00000000 00000000
[17339.941135]   01a0  00000000 00000000 00000000 00000000 - 00000000 00000000 00000000 00000000
[17339.949697]   01c0  00000000 00000000 00000000 00000000 - 00000000 00000000 00000000 00000000
[17339.958218]   01e0  00000000 00000000 00000000 00000000 - 00000000*c0a61020 c0a61020 c0a61020
[17339.966715]   0200  00000000 00000000 00000000 00000000 - 00000000 00000000 00000000 00000000
[17339.975213]   0220  00000000 00000000 00000000 00000000 - 00000000 00000000 00000000 00000000
[17339.983741]   0240  00000000 00000000 00000000 00000000

